104197837-271197326|h1_009|0|0.9183|74265.74|399.3403|279.4324|639.5289|588.6301|truck
104197837-271197326|h1_007|0|0.9593|88640.84|18.959|391.8408|430.2413|607.3639|car
104197837-271197326|h1_013|0|0.9095|84736.62|0.5696|189.2771|253.1547|524.7546|truck
104197837-271197326|h1_013|1|0.7939|1912.87|369.3296|338.6563|401.4716|398.1696|person
104197837-271197326|h1_013|2|0.7383|1495.24|289.6362|329.1837|316.0912|385.704|person
104197837-271197326|h1_013|3|0.7369|1440.05|618.2334|348.5532|639.7551|415.4647|person
104197837-271197326|h1_013|4|0.7278|845.73|272.0386|337.7795|289.2936|386.7932|person
104197837-271197326|h1_013|5|0.6938|990.27|256.0863|335.2408|273.2148|393.0547|person
104197837-271197326|h1_013|6|0.6882|1809.89|541.4875|344.7186|567.3894|414.5935|person
104197837-271197326|h1_013|7|0.657|1490.5|436.2749|336.7171|462.4215|393.7225|person
104197837-271197326|h1_013|8|0.6444|1775.87|184.241|322.8388|203.864|413.3383|bottle
104197837-271197326|h1_013|9|0.6345|1784.59|598.4119|351.545|625.4189|417.6236|person
104197837-271197326|h1_013|10|0.6217|709.52|357.545|329.2853|370.803|382.8022|person
104197837-271197326|h1_013|11|0.5846|1375.53|525.11|350.6998|547.338|412.5827|person
104197837-271197326|h1_013|12|0.5551|661.76|303.1562|347.5684|318.3199|391.2097|person
104197837-271197326|h1_013|13|0.5533|573.54|368.7546|331.6936|380.915|378.8578|person
104197837-271197326|h1_013|14|0.5463|1364.41|200.4159|320.6895|216.2892|406.6458|bottle
104197837-271197326|h1_013|15|0.5298|644.09|422.586|332.9274|436.9341|377.8177|person
104197837-271197326|h1_013|16|0.5078|1979.56|493.6999|339.5293|522.253|408.8585|person
104197837-271197326|h1_013|17|0.4974|781.73|473.5447|337.8825|490.4635|384.0872|person
104197837-271197326|h1_013|18|0.4874|701.09|402.008|331.7579|416.6499|379.6401|person
104197837-271197326|h1_013|19|0.4677|1185.29|213.5603|322.2125|229.1868|398.0638|bottle
104197837-271197326|h1_013|20|0.4549|916.8|390.5907|332.8873|407.4512|387.2629|person
104197837-271197326|h0_014|0|0.9265|13209.85|456.4757|360.1147|639.788|432.1767|car
104197837-271197326|h0_014|1|0.8637|1985.94|2.2747|345.8947|31.8704|412.997|person
104197837-271197326|h0_014|2|0.796|965.67|405.1268|336.8552|447.7615|359.5051|car
104197837-271197326|h0_014|3|0.7057|2930.98|200.3272|336.5023|260.7038|385.0472|car
104197837-271197326|h0_014|4|0.5485|413.61|263.6605|332.1616|283.8542|352.6436|car
104197837-271197326|h0_014|5|0.5153|140.94|291.0924|325.0146|304.5578|335.4816|car
104197837-271197326|h0_014|6|0.3558|283.46|0.0|343.9302|6.2308|389.4233|person
104197837-271197326|h0_014|7|0.309|789.48|251.441|339.3976|276.7302|370.6157|car
104197837-271197326|h1_011|0|0.7741|41510.9|495.8403|182.7422|637.4993|475.7762|bottle
104197837-271197326|h1_011|1|0.5578|76926.85|0.3962|434.4858|638.7784|554.9886|truck
104197837-271197326|h1_015|0|0.9191|5184.98|189.9321|344.0195|288.815|396.455|car
104197837-271197326|h1_015|1|0.9018|7694.96|0.0396|293.7399|123.2073|356.2154|truck
104197837-271197326|h1_015|2|0.7966|1084.07|576.8634|342.0476|597.1354|395.5239|person
104197837-271197326|h1_015|3|0.7326|1740.93|463.517|336.9175|493.9185|394.1823|person
104197837-271197326|h1_015|4|0.6802|1650.4|618.618|357.166|639.7317|435.3337|person
104197837-271197326|h1_015|5|0.5835|225.8|205.7124|324.3646|215.248|348.0437|person
104197837-271197326|h1_015|6|0.494|702.67|10.1823|286.5752|24.6835|335.0306|bottle
104197837-271197326|h1_015|7|0.4789|212.36|269.1543|326.4799|278.0769|350.2803|person
104197837-271197326|h1_015|8|0.4416|285.25|289.5086|325.1704|300.1447|351.9893|person
104197837-271197326|h1_015|9|0.4149|208.32|163.9474|320.6932|173.0339|343.6194|person
104197837-271197326|h1_015|10|0.4011|180.57|282.203|328.329|290.2334|350.8145|person
104197837-271197326|h1_015|11|0.4009|3496.08|591.7805|283.6284|639.7114|356.5685|train
104197837-271197326|h1_015|12|0.3989|245.24|305.3089|328.9836|316.4084|351.0786|person
104197837-271197326|h1_015|13|0.3401|206.55|259.8073|325.9135|269.1938|347.9183|person
104197837-271197326|h1_015|14|0.3383|176.47|227.8037|325.1613|236.7971|344.7839|person
104197837-271197326|h1_015|15|0.3103|140.66|146.006|325.237|155.024|340.8344|person
104197837-271197326|h1_015|16|0.305|148.79|176.1743|319.0659|183.1962|340.2549|person
104197837-271197326|h1_015|17|0.3023|243.57|341.7517|325.541|351.4708|350.6016|person
104197837-271197326|h1_015|18|0.2998|451.0|0.0387|294.1388|11.5122|333.447|bottle
104197837-271197326|h1_015|19|0.2604|617.23|620.7333|368.3077|639.7196|400.8168|handbag
104197837-271197326|h0_010|0|0.4548|853.69|623.0397|403.5087|639.6991|454.7522|car
104197837-271197326|h0_010|1|0.3426|938.91|31.3024|330.8747|79.2647|350.4507|car
104197837-271197326|h0_010|2|0.3414|98.74|120.3834|328.3869|133.6641|335.822|car
104197837-271197326|h0_012|0|0.8819|2728.41|31.2204|341.5191|115.9919|373.7046|car
104197837-271197326|h0_012|1|0.7596|934.03|129.9828|330.2459|174.769|351.1012|car
104197837-271197326|h0_012|2|0.6649|382.18|179.6299|328.3387|205.5906|343.0603|car
104197837-271197326|h0_012|3|0.5771|207.44|40.8991|329.7932|49.7852|353.1373|person
104197837-271197326|h0_012|4|0.5378|226.07|274.0361|331.8853|291.9466|344.5074|car
104197837-271197326|h0_012|5|0.3646|90.89|243.0046|325.4736|254.8318|333.1588|car
104197837-271197326|h1_003|0|0.7255|1373.7|277.1789|342.5233|318.5222|375.7498|person
104197837-271197326|h1_003|1|0.2561|2669.73|213.475|324.1635|263.9745|377.0299|person
104197837-684996041|h1_009|0|0.8294|1111.49|543.5045|394.8103|595.0811|416.3605|car
104197837-684996041|h1_009|1|0.8183|15047.47|0.0106|321.9647|159.5597|416.2772|car
104197837-684996041|h1_009|2|0.7659|635.31|473.3287|371.592|518.7244|385.5869|car
104197837-684996041|h1_009|3|0.7158|988.52|224.2212|333.3845|259.1425|361.6916|car
104197837-684996041|h1_009|4|0.6444|284.18|512.743|353.3996|540.2465|363.7322|car
104197837-684996041|h1_009|5|0.5359|755.68|551.9631|379.9243|595.2014|397.4014|car
104197837-684996041|h1_009|6|0.5315|102.86|227.2129|317.9886|239.9151|326.0864|car
104197837-684996041|h1_009|7|0.3|87.4|390.0754|337.9232|404.3849|344.031|car
104197837-684996041|h1_001|0|0.3496|370.89|592.6566|346.2942|609.2245|368.6803|person
104197837-684996041|h1_001|1|0.3464|802.2|541.7197|330.3936|562.1582|369.6429|person
104197837-684996041|h0_004|0|0.8533|1199.95|210.565|333.7829|248.8183|365.1514|car
104197837-684996041|h0_004|1|0.7886|232.02|486.8168|332.0497|509.5046|342.2761|car
104197837-684996041|h0_004|2|0.7491|4842.74|544.814|307.28|639.6753|358.3307|truck
104197837-684996041|h0_004|3|0.7341|148.42|228.9485|325.4392|245.6122|334.3458|car
104197837-684996041|h0_004|4|0.7031|158.55|205.311|326.45|220.9269|336.6028|car
104197837-684996041|h0_004|5|0.6613|127.5|186.8007|321.2723|200.2102|330.7805|car
104197837-684996041|h0_004|6|0.6311|213.83|19.0704|368.0601|39.2137|378.6756|car
104197837-684996041|h0_004|7|0.5244|61.44|165.8148|319.4434|175.471|325.806|car
104197837-684996041|h0_004|8|0.4302|1187.05|606.0886|322.7413|639.7712|357.9836|truck
104197837-684996041|h0_004|9|0.4123|62.29|0.0442|376.5307|8.503|383.8941|car
104197837-684996041|h0_004|10|0.3263|90.71|447.8049|327.5378|459.7057|335.16|car
104197837-684996041|h0_006|0|0.261|129.2|169.3458|318.1639|179.4794|330.9139|person
104197837-684996041|h1_003|0|0.8335|3169.29|461.2611|347.2419|495.493|439.8247|person
104197837-684996041|h1_003|1|0.8245|36045.5|215.6848|439.0342|406.6537|627.7848|potted_plant
104197837-684996041|h1_003|2|0.8169|3547.61|563.1724|342.7742|599.0895|441.5464|person
104197837-684996041|h1_003|3|0.8145|3838.3|513.4691|352.1554|553.5338|447.9579|person
104197837-684996041|h1_003|4|0.7921|2438.53|445.875|337.7488|472.5731|429.0859|person
104197837-684996041|h1_003|5|0.6407|3671.26|488.3119|351.1801|521.3011|462.4666|person
104197837-684996041|h1_003|6|0.3801|542.11|400.5701|367.2462|420.6125|394.2943|traffic_light
104197837-684996041|h1_003|7|0.3746|23934.26|503.6899|438.7412|639.6973|614.719|potted_plant
104197837-684996041|h1_007|0|0.7984|16220.41|0.4727|328.1389|118.4254|465.6551|car
104197837-684996041|h1_007|1|0.7597|1039.97|208.2481|335.051|244.008|364.1331|car
104197837-684996041|h1_007|2|0.7362|685.91|469.0222|369.0729|509.514|386.0123|car
104197837-684996041|h1_007|3|0.6886|530.44|607.7559|385.7678|639.7852|402.3288|car
104197837-684996041|h1_007|4|0.6872|346.88|621.0839|406.3323|639.8582|424.8088|car
104197837-684996041|h1_007|5|0.5904|87.97|215.1595|319.5645|225.6574|327.9438|car
104197837-684996041|h1_007|6|0.588|311.76|394.087|354.2292|422.7896|365.0909|car
104197837-684996041|h1_007|7|0.5493|288.26|568.3349|375.7759|591.0558|388.4628|car
104197837-684996041|h1_007|8|0.5445|384.95|547.1035|363.7922|579.4943|375.6766|car
104197837-684996041|h1_007|9|0.5441|551.79|587.0111|376.7236|617.9103|394.5812|car
104197837-684996041|h1_007|10|0.5108|363.79|414.5818|365.1201|445.0193|377.072|car
104197837-684996041|h1_007|11|0.4631|153.9|446.7378|345.5054|465.5149|353.7015|car
104197837-684996041|h1_007|12|0.4107|245.9|531.0267|360.5584|557.1649|369.9662|car
104197837-684996041|h1_007|13|0.3997|428.48|468.7473|369.6055|496.6527|384.9602|car
104197837-684996041|h1_007|14|0.3977|327.49|446.1342|362.0322|474.7055|373.4944|car
104197837-684996041|h1_007|15|0.2501|265.6|434.0341|358.7045|458.3639|369.6212|car
104197837-684996041|h1_005|0|0.7749|2437.67|224.526|326.379|280.8573|369.6528|truck
104197837-684996041|h1_005|1|0.7276|269.56|468.1727|387.2618|492.9396|398.1456|car
104197837-684996041|h1_005|2|0.6221|3946.87|60.3599|312.3071|153.0617|354.8831|truck
104197837-684996041|h1_005|3|0.582|239.73|402.1828|368.0748|418.8665|382.4438|car
104197837-684996041|h1_005|4|0.4975|443.87|35.5218|335.6515|64.0171|351.2286|car
104197837-684996041|h1_005|5|0.4069|135.43|460.9508|358.3876|477.8815|366.3869|car
104197837-684996041|h1_005|6|0.3096|114.01|388.1543|348.6187|402.2786|356.6906|car
104197837-684996041|h1_005|7|0.2765|96.36|448.4301|376.424|464.222|382.5261|car
104197837-684996041|h1_005|8|0.2596|104.68|345.9353|346.9057|359.2369|354.7758|car
104197837-275754986|h0_040|0|0.7403|321.99|272.6027|215.8766|283.3679|245.7866|traffic_light
104197837-275754986|h0_040|1|0.6078|298.54|362.3334|217.094|372.7144|245.8519|traffic_light
104197837-275754986|h0_040|2|0.5333|322.49|90.4623|342.1027|103.2874|367.2482|person
104197837-275754986|h0_040|3|0.4941|1379.61|623.9302|183.7043|639.7315|271.0143|person
104197837-275754986|h0_040|4|0.4525|144.36|244.312|324.69|259.809|334.0053|car
104197837-275754986|h0_040|5|0.4303|299.01|617.8057|267.1907|639.8018|280.7846|skateboard
104197837-275754986|h0_040|6|0.3289|2033.2|573.6848|341.7436|621.4001|384.3547|motorcycle
104197837-275754986|h0_040|7|0.3209|547.31|391.582|219.2635|412.7955|245.0635|traffic_light
104197837-275754986|h0_040|8|0.3122|225.1|110.3222|328.5544|120.0026|351.8073|person
104197837-275754986|h0_040|9|0.3021|307.39|62.9113|338.6363|75.4404|363.1701|person
104197837-275754986|h0_040|10|0.2792|635.37|0.0837|316.1001|39.9977|332.0187|umbrella
104197837-275754986|h1_041|0|0.7949|1151.32|307.6597|331.4929|343.7367|363.4059|car
104197837-275754986|h1_041|1|0.7629|709.19|0.0389|334.6194|15.2627|381.2032|person
104197837-275754986|h1_041|2|0.7609|992.36|227.5656|335.024|264.3822|361.9781|car
104197837-275754986|h1_041|3|0.7144|400.69|375.3944|326.0663|397.5813|344.1262|car
104197837-275754986|h1_041|4|0.6766|773.05|395.6429|329.4955|430.5358|351.6503|car
104197837-275754986|h1_041|5|0.5741|349.78|175.7286|344.8993|190.6597|368.3253|motorcycle
104197837-275754986|h1_041|6|0.4554|108.93|349.7775|325.1213|362.239|333.863|car
104197837-275754986|h1_041|7|0.3455|662.53|260.8779|313.1|289.2586|336.4444|truck
104197837-275754986|h1_041|8|0.3188|650.64|260.8775|313.0488|289.2967|335.9431|bus
104197837-275754986|h1_041|9|0.2961|301.84|255.9812|332.8176|272.2781|351.3391|car
104197837-275754986|h1_041|10|0.2679|421.73|251.8938|330.0739|273.4036|349.6803|car
104197837-275754986|h1_041|11|0.2613|247.94|259.2182|331.7045|274.3483|348.0917|car
104197837-275754986|h1_041|12|0.2569|684.14|400.2413|217.0446|422.2437|248.1385|traffic_light
104197837-275754986|h0_008|0|0.8638|8483.54|359.4528|397.1965|460.904|480.8184|potted_plant
104197837-275754986|h0_008|1|0.782|7626.82|209.6529|395.3365|296.8403|482.8127|potted_plant
104197837-275754986|h0_008|2|0.6939|9931.74|519.6819|395.2094|632.0226|483.6167|potted_plant
104197837-275754986|h0_008|3|0.4921|8892.76|1.4618|394.0118|107.5433|477.8413|potted_plant
104197837-275754986|h0_034|0|0.9553|114804.21|0.2863|368.45|458.7433|618.8643|car
104197837-275754986|h0_034|1|0.7781|2332.81|607.9662|441.7311|639.6759|515.2989|car
104197837-275754986|h0_020|0|0.3406|795.79|275.4848|334.7842|312.9951|355.9996|car
104197837-275754986|h0_020|1|0.2705|1166.55|26.2411|158.394|51.0772|205.364|parking_meter
104197837-275754986|h1_019|0|0.714|331.92|541.58|326.2577|571.9948|337.1709|car
104197837-275754986|h1_019|1|0.6433|381.43|585.8782|325.3879|619.9393|336.5862|car
104197837-275754986|h1_019|2|0.5945|630.9|310.6885|316.8246|349.5527|333.0582|car
104197837-275754986|h1_019|3|0.4507|230.02|624.9799|327.6366|639.7943|343.1633|car
104197837-275754986|h1_019|4|0.4375|509.75|341.4464|372.8177|356.5433|406.5828|fire_hydrant
104197837-275754986|h1_025|0|0.8425|2206.36|580.0068|334.1419|639.8008|371.0413|car
104197837-275754986|h1_025|1|0.8331|2135.0|278.6348|331.2551|326.1031|376.2324|car
104197837-275754986|h1_025|2|0.8261|2623.05|377.2145|331.3189|442.1439|371.7175|car
104197837-275754986|h1_025|3|0.8122|3471.8|430.5605|328.8713|514.0772|370.4415|car
104197837-275754986|h1_025|4|0.6756|119.05|322.143|321.3228|334.1068|331.2739|car
104197837-275754986|h1_025|5|0.6444|618.72|350.3571|326.8572|379.8861|347.8102|car
104197837-275754986|h1_025|6|0.5675|610.46|498.7712|327.944|528.7406|348.3133|car
104197837-275754986|h1_025|7|0.5004|768.17|110.6857|315.7313|158.8347|331.6853|car
104197837-275754986|h1_025|8|0.4903|246.49|549.682|322.0859|574.7494|331.9189|car
104197837-275754986|h1_025|9|0.47|216.38|46.6903|317.6143|71.3265|326.3974|car
104197837-275754986|h1_025|10|0.347|430.52|606.6456|319.9206|639.582|332.9917|car
104197837-275754986|h1_025|11|0.3413|115.57|224.6998|318.9917|239.1285|327.0013|car
104197837-275754986|h1_025|12|0.3383|74.73|270.2923|321.6097|281.3386|328.3747|car
104197837-275754986|h1_025|13|0.3108|82.1|175.5335|322.1879|190.2026|327.7846|car
104197837-275754986|h1_025|14|0.3088|140.5|76.0846|319.8524|91.683|328.86|car
104197837-275754986|h1_025|15|0.2884|269.21|478.0355|321.5613|507.626|330.6591|car
104197837-275754986|h1_025|16|0.2644|112.78|35.1944|319.9337|51.3557|326.9123|car
104197837-275754986|h1_025|17|0.2638|117.84|350.7476|320.6815|366.9122|327.9713|car
104197837-275754986|h1_031|0|0.9452|17820.22|383.7065|356.6895|591.0117|442.6508|car
104197837-275754986|h1_031|1|0.9299|18047.15|103.6188|365.0706|328.3517|445.3755|car
104197837-275754986|h1_031|2|0.7583|1660.13|295.3242|334.2435|339.0123|372.243|car
104197837-275754986|h1_031|3|0.7484|452.92|434.8733|325.5408|463.4362|341.3976|car
104197837-275754986|h1_031|4|0.722|2909.17|170.4915|326.5753|234.9698|371.6939|car
104197837-275754986|h1_031|5|0.7056|186.29|328.6098|320.761|342.9866|333.7188|car
104197837-275754986|h1_031|6|0.6947|322.77|124.6834|324.4559|148.3014|338.1222|car
104197837-275754986|h1_031|7|0.6103|189.6|176.0069|320.0916|194.4476|330.3732|car
104197837-275754986|h1_031|8|0.6098|637.74|364.7802|326.6472|395.3358|347.5187|car
104197837-275754986|h1_031|9|0.6024|1966.47|450.3969|331.9272|520.1046|360.1375|car
104197837-275754986|h1_031|10|0.5557|943.33|0.5991|331.8715|53.783|349.6086|car
104197837-275754986|h1_031|11|0.5274|2936.77|512.0679|336.5524|593.1359|372.7784|car
104197837-275754986|h1_031|12|0.4878|512.32|41.4079|328.3221|74.1237|343.9818|car
104197837-275754986|h1_031|13|0.385|859.77|604.3356|335.0626|639.7621|359.3316|car
104197837-275754986|h1_031|14|0.3525|81.98|250.2638|320.4166|262.6013|327.061|car
104197837-275754986|h1_031|15|0.3024|268.19|98.5267|321.5978|128.623|330.509|car
104197837-275754986|h1_031|16|0.2954|466.52|55.4568|321.8635|93.412|334.1548|car
104197837-275754986|h1_031|17|0.2703|1557.91|512.3185|336.8061|570.4199|363.6197|car
104197837-275754986|h1_031|18|0.2664|8083.47|0.6685|0.3098|126.3395|64.6322|traffic_light
104197837-275754986|h1_031|19|0.2596|1151.96|451.1116|332.3254|513.0623|350.9203|car
104197837-275754986|h1_027|0|0.8948|4480.78|22.7037|327.9781|123.8701|372.2693|car
104197837-275754986|h1_027|1|0.8074|2104.06|232.7066|328.4036|282.4882|370.6693|car
104197837-275754986|h1_027|2|0.7921|402.79|301.3177|330.3886|324.576|347.7067|car
104197837-275754986|h1_027|3|0.777|2493.66|166.5088|329.5179|227.9453|370.1071|car
104197837-275754986|h1_027|4|0.7745|2146.84|389.9597|334.8867|448.5264|371.5431|car
104197837-275754986|h1_027|5|0.7639|3523.53|480.1682|334.5732|568.6045|374.4158|car
104197837-275754986|h1_027|6|0.654|194.59|501.6169|322.0289|522.6469|331.2819|car
104197837-275754986|h1_027|7|0.6052|142.08|292.4318|325.0726|306.3195|335.3033|car
104197837-275754986|h1_027|8|0.5273|759.03|46.0489|314.6989|92.2269|331.1359|car
104197837-275754986|h1_027|9|0.5181|91.6|318.5923|320.1479|331.9715|326.9946|car
104197837-275754986|h1_027|10|0.4759|459.17|387.1114|328.3506|416.0168|344.2361|car
104197837-275754986|h1_027|11|0.4437|372.41|18.1383|318.9161|47.9431|331.4109|car
104197837-275754986|h1_027|12|0.4084|96.75|136.0746|321.8337|152.4283|327.7497|car
104197837-275754986|h1_027|13|0.3952|257.55|277.5238|331.1837|298.1389|343.6769|car
104197837-275754986|h1_027|14|0.3876|108.93|271.7448|321.1418|283.7582|330.2092|car
104197837-275754986|h1_027|15|0.3431|240.99|0.0477|317.0113|20.65|328.7087|car
104197837-275754986|h1_027|16|0.3409|296.86|546.8916|319.7595|570.8503|332.1499|car
104197837-275754986|h1_027|17|0.3407|280.79|425.9845|321.8499|456.5112|331.048|car
104197837-275754986|h1_027|18|0.3073|481.56|333.6465|327.9233|356.6901|348.821|car
104197837-275754986|h1_033|0|0.8171|2406.37|373.2719|330.3808|432.9316|370.7159|car
104197837-275754986|h1_033|1|0.7852|1588.05|265.9946|335.314|309.1551|372.1082|car
104197837-275754986|h1_033|2|0.7064|548.76|350.4369|322.919|377.4116|343.2623|car
104197837-275754986|h1_033|3|0.689|242.29|336.4128|320.039|353.7679|333.9997|car
104197837-275754986|h1_033|4|0.6683|270.92|430.1509|320.276|451.9629|332.6967|car
104197837-275754986|h1_033|5|0.6651|252.26|234.0686|319.9615|253.3892|333.0179|car
104197837-275754986|h1_033|6|0.6532|197.83|252.8896|321.5159|271.0504|332.409|car
104197837-275754986|h1_033|7|0.643|2979.46|468.5869|332.2346|551.9663|367.9684|car
104197837-275754986|h1_033|8|0.6294|397.94|288.5061|320.8307|315.6104|335.5124|car
104197837-275754986|h1_033|9|0.6291|474.32|460.8544|326.8199|494.1426|341.0688|car
104197837-275754986|h1_033|10|0.6287|443.19|14.0694|322.8333|51.5649|334.653|car
104197837-275754986|h1_033|11|0.58|120.63|318.8101|320.7476|331.6501|330.1424|car
104197837-275754986|h1_033|12|0.5208|667.32|619.4559|327.1161|639.7186|360.0494|car
104197837-275754986|h1_033|13|0.4735|183.84|371.0914|321.5381|390.6162|330.954|car
104197837-275754986|h1_033|14|0.4579|1960.43|468.1071|332.4965|524.0556|367.5363|car
104197837-275754986|h1_033|15|0.4414|3049.8|534.4799|334.926|622.3582|369.6308|car
104197837-275754986|h1_033|16|0.381|1100.31|121.4157|312.6414|158.5272|342.2902|bus
104197837-275754986|h1_033|17|0.3173|346.93|619.2142|326.6844|639.6586|343.654|car
104197837-275754986|h1_033|18|0.2699|617.59|543.3724|327.0979|588.1044|340.9044|car
104197837-275754986|h0_036|0|0.9578|103368.83|69.5814|369.9797|538.8309|590.2651|car
104197837-275754986|h0_036|1|0.7281|1250.26|495.143|344.4826|511.7996|419.5434|person
104197837-275754986|h0_036|2|0.4121|1351.75|0.1126|424.9982|20.4984|491.3066|car
104197837-275754986|h0_022|0|0.8561|5349.94|33.5326|525.0747|145.5778|572.8228|surfboard
104197837-275754986|h0_022|1|0.3391|7850.2|49.4973|549.1641|138.8867|636.9844|person
104197837-275754986|h0_026|0|0.2775|644.54|276.7233|166.2375|292.4977|207.0975|parking_meter
104197837-275754986|h0_032|0|0.96|44341.71|0.3016|399.8471|240.2104|584.6745|car
104197837-275754986|h1_037|0|0.8212|3563.85|3.6196|336.6797|104.0378|372.1698|car
104197837-275754986|h1_037|1|0.8208|831.0|129.7371|327.4495|171.1174|347.5315|car
104197837-275754986|h1_037|2|0.8191|1787.76|312.4495|335.8293|356.5688|376.3503|car
104197837-275754986|h1_037|3|0.8049|413.31|345.6605|330.5224|369.0353|348.2042|car
104197837-275754986|h1_037|4|0.7674|807.68|80.9345|322.8715|124.0533|341.603|car
104197837-275754986|h1_037|5|0.7219|574.99|122.8052|319.3514|160.0756|334.779|car
104197837-275754986|h1_037|6|0.7092|1791.18|256.324|334.7868|302.3376|373.7139|car
104197837-275754986|h1_037|7|0.7067|2241.97|189.8773|328.5198|241.1381|372.2562|car
104197837-275754986|h1_037|8|0.6747|2271.97|364.3749|331.188|416.1657|375.0563|car
104197837-275754986|h1_037|9|0.5421|660.32|183.0178|323.6899|218.8195|342.1338|car
104197837-275754986|h1_037|10|0.5375|1395.62|610.563|571.7734|639.717|619.6439|skateboard
104197837-275754986|h1_037|11|0.458|232.4|0.2248|326.3984|18.3963|339.1877|car
104197837-275754986|h1_037|12|0.45|1102.91|1.3351|325.2664|62.7592|343.222|car
104197837-275754986|h1_037|13|0.4051|338.86|503.1681|320.9163|530.6594|333.2422|car
104197837-275754986|h1_037|14|0.3216|169.04|334.865|324.7315|349.2136|336.5126|car
104197837-275754986|h1_037|15|0.2946|69.97|368.8908|319.5928|379.8035|326.005|car
104197837-275754986|h1_037|16|0.2882|254.71|167.3586|321.6419|194.9208|330.8833|car
104197837-275754986|h1_023|0|0.8022|3727.57|481.3|332.0683|572.6396|372.8784|car
104197837-275754986|h1_023|1|0.7442|743.71|176.9481|315.5714|221.6874|332.1947|car
104197837-275754986|h1_023|2|0.6739|244.23|416.5524|324.4833|436.8961|336.4885|car
104197837-275754986|h1_023|3|0.6279|2852.44|571.0815|331.7008|639.7687|373.2288|car
104197837-275754986|h1_023|4|0.6137|126.12|385.4193|320.2145|401.2513|328.1804|car
104197837-275754986|h1_023|5|0.5149|126.29|372.1754|322.1746|385.0015|332.0205|car
104197837-275754986|h1_023|6|0.405|289.94|598.2643|322.2573|625.5464|332.8848|car
104197837-275754986|h1_023|7|0.3876|419.58|439.3739|327.7273|467.7164|342.5314|car
104197837-275754986|h1_023|8|0.352|190.9|43.2249|321.6975|61.6913|332.035|car
104197837-275754986|h1_023|9|0.349|266.16|90.477|318.4983|118.5595|327.9762|car
104197837-275754986|h1_023|10|0.2586|508.51|463.2388|328.2172|494.3188|344.5784|car
104197837-275754986|h1_035|0|0.8782|2971.13|153.0683|330.6644|224.3348|372.3548|car
104197837-275754986|h1_035|1|0.796|707.09|234.0236|323.841|265.1581|346.5517|car
104197837-275754986|h1_035|2|0.7399|2638.74|425.1696|332.7929|498.3173|368.867|car
104197837-275754986|h1_035|3|0.7389|2567.62|566.9088|324.8436|639.923|360.0096|car
104197837-275754986|h1_035|4|0.6916|1470.58|339.1274|336.3933|381.4626|371.1299|car
104197837-275754986|h1_035|5|0.6357|3394.16|35.653|334.9569|122.1006|374.2195|car
104197837-275754986|h1_035|6|0.6336|566.16|372.5775|320.6187|400.0451|341.2306|car
104197837-275754986|h1_035|7|0.6206|1053.39|167.8362|319.8293|218.1373|340.7711|car
104197837-275754986|h1_035|8|0.5451|462.52|489.9187|326.0487|521.9152|340.5039|car
104197837-275754986|h1_035|9|0.4599|892.39|509.8783|329.2459|560.7084|346.8023|car
104197837-275754986|h1_035|10|0.442|103.88|348.4357|321.0331|360.9881|329.3086|car
104197837-275754986|h1_035|11|0.4216|536.98|354.2653|326.3765|381.6599|345.9783|car
104197837-275754986|h1_035|12|0.4109|327.06|277.6678|321.9117|296.3036|339.4616|car
104197837-275754986|h1_035|13|0.4082|793.54|409.9547|323.1635|449.4924|343.234|car
104197837-275754986|h1_035|14|0.3866|179.23|132.9789|322.1444|153.7512|330.7728|car
104197837-275754986|h1_035|15|0.3865|190.9|231.6027|322.7504|247.777|334.5531|car
104197837-275754986|h1_035|16|0.3591|607.71|523.7977|330.2562|561.2232|346.4939|car
104197837-275754986|h1_035|17|0.342|331.05|548.9819|328.96|574.3813|341.9938|car
104197837-275754986|h1_035|18|0.3287|102.26|319.7217|320.3983|335.4969|326.8807|car
104197837-275754986|h1_035|19|0.3247|323.11|461.4019|323.5738|488.2944|335.5886|car
104197837-275754986|h1_035|20|0.298|145.05|110.2684|318.3678|125.4475|327.9239|car
104197837-275754986|h1_035|21|0.2852|1683.17|75.1042|336.0633|122.2557|371.7603|car
104197837-275754986|h1_035|22|0.2598|225.55|120.6456|320.8542|144.8056|330.1898|car
104197837-275754986|h1_021|0|0.709|258.11|479.2029|326.3739|503.8232|336.8577|car
104197837-275754986|h1_021|1|0.6688|179.63|423.8139|321.6399|440.7595|332.2404|car
104197837-275754986|h1_021|2|0.5917|607.44|244.6468|316.998|283.1667|332.7675|car
104197837-275754986|h1_021|3|0.4869|76.38|351.6765|322.2599|363.2076|328.884|car
104197837-275754986|h1_021|4|0.478|207.59|625.2857|333.6418|639.7864|347.9575|car
104197837-275754986|h1_021|5|0.381|118.04|297.4245|318.9527|310.5482|327.9472|car
104197837-275754986|h1_021|6|0.3739|631.61|531.645|327.3054|572.0645|342.9317|car
104197837-275754986|h1_021|7|0.3529|86.52|180.0896|320.0659|190.2624|328.5711|car
104197837-275754986|h1_021|8|0.2599|786.01|570.7998|329.7167|617.9772|346.3773|car
104197837-275754986|h1_021|9|0.2518|192.13|618.0754|320.6829|639.6077|329.6058|car
104197837-275754986|h0_030|0|0.3746|1833.95|481.6556|246.9589|528.699|285.943|skateboard
104197837-275754986|h1_005|0|0.9024|3794.41|343.8984|343.9878|422.3504|392.3538|car
104197837-275754986|h1_005|1|0.8379|2567.45|489.785|334.1733|573.1693|364.9639|car
104197837-275754986|h1_005|2|0.7983|516.88|240.0896|328.0486|267.157|347.1447|car
104197837-275754986|h1_005|3|0.5652|1075.88|66.1565|166.5569|96.861|201.5967|traffic_light
104197837-275754986|h1_005|4|0.401|585.58|136.4895|177.9603|154.3221|210.798|traffic_light
104197837-275754986|h1_005|5|0.3234|926.12|0.2006|168.592|22.3646|210.3769|traffic_light
104197837-275754986|h1_005|6|0.2811|385.98|92.5408|330.7219|106.3127|358.7487|person
104197837-275754986|h1_005|7|0.271|239.38|481.1626|256.4798|494.8234|274.0028|traffic_light
104197837-275754986|h1_005|8|0.2617|421.74|94.1405|335.9686|110.8516|361.2059|person
104197837-275754986|h1_039|0|0.8206|3423.88|74.0218|336.225|155.4199|378.2883|car
104197837-275754986|h1_039|1|0.8155|542.5|230.7798|332.7832|261.999|350.1604|car
104197837-275754986|h1_039|2|0.8003|3113.24|24.3661|335.8449|106.9968|373.5215|car
104197837-275754986|h1_039|3|0.7755|3488.77|562.8115|325.9073|639.6814|371.2927|car
104197837-275754986|h1_039|4|0.7413|281.26|447.2328|321.5072|470.3941|333.6508|car
104197837-275754986|h1_039|5|0.7217|3450.56|136.2681|333.1738|213.8415|377.655|car
104197837-275754986|h1_039|6|0.5839|118.01|281.4282|320.4518|293.7625|330.0191|car
104197837-275754986|h1_039|7|0.5239|2664.59|0.1641|330.0135|67.2284|369.7454|car
104197837-275754986|h1_039|8|0.518|73.69|330.3245|320.5607|342.0357|326.8533|car
104197837-275754986|h1_039|9|0.454|193.17|267.0161|325.1914|283.213|337.1176|car
104197837-275754986|h1_039|10|0.3885|461.35|203.2808|332.5686|230.0643|349.7937|car
104197837-275754986|h1_039|11|0.381|222.65|412.1916|318.2426|437.3804|327.0818|car
104197837-275754986|h1_039|12|0.3657|303.87|224.6232|328.1056|248.2408|340.9718|car
104197837-275754986|h1_039|13|0.3129|336.94|147.9494|328.9644|172.4072|342.7406|car
104197837-275754986|h1_039|14|0.2914|131.59|255.5884|324.2073|268.2294|334.6171|car
104197837-275754986|h1_039|15|0.2655|391.71|52.4386|320.3686|83.5084|332.9761|car
104197837-275754986|h1_039|16|0.2623|589.26|74.3579|325.0515|118.4111|338.4276|car
104197837-275754986|h0_000|0|0.8735|3540.28|96.9075|349.5828|136.3515|439.3373|person
104197837-275754986|h0_000|1|0.8649|2409.92|65.16|353.7341|98.0078|427.1003|person
104197837-275754986|h0_000|2|0.8468|1122.25|322.8992|337.9313|359.9438|368.2259|car
104197837-275754986|h0_000|3|0.7243|351.4|299.4802|330.8644|320.0658|347.9348|car
104197837-275754986|h0_000|4|0.3733|503.62|76.0136|313.6027|88.1944|354.9478|person
104197837-275754986|h0_000|5|0.306|219.56|311.2309|247.5985|322.9568|266.3228|traffic_light
104197837-275754986|h0_000|6|0.2916|624.24|304.7756|311.0332|331.0862|334.7589|truck
104197837-275754986|h0_014|0|0.6729|984.64|290.2155|327.5322|339.019|347.7078|car
104197837-275754986|h0_014|1|0.5828|748.84|416.6833|161.5289|433.7795|205.3305|parking_meter
104197837-275754986|h0_014|2|0.3966|576.05|308.7174|327.8911|339.1462|346.822|car
104197837-275754986|h0_014|3|0.2979|237.42|536.8665|258.6194|548.3982|279.2075|traffic_light
104197837-275754986|h0_028|0|0.7825|736.07|455.4445|331.0874|470.3806|380.3684|person
104197837-275754986|h0_028|1|0.7581|5449.26|580.1853|419.8662|639.6964|511.4333|car
104197837-275754986|h0_002|0|0.8946|1458.28|304.2659|337.2662|346.082|372.1398|car
104197837-275754986|h0_002|1|0.7607|209.96|230.3792|329.2847|238.5364|355.0235|person
104197837-275754986|h0_002|2|0.4614|472.45|305.1233|312.1981|328.7465|332.1978|truck
104197837-275754986|h0_002|3|0.4596|189.39|302.9743|326.3392|317.2132|339.6403|car
104197837-275754986|h0_002|4|0.4569|629.5|596.2424|268.8715|613.8279|304.6679|traffic_light
104197837-275754986|h0_002|5|0.4191|10784.01|0.2902|433.163|64.2378|601.8013|potted_plant
104197837-275754986|h0_016|0|0.3363|2273.71|352.3271|367.9796|377.8231|457.1587|parking_meter
104197837-275754986|h1_003|0|0.8807|1667.75|303.7471|344.6927|347.0462|383.2097|car
104197837-275754986|h1_003|1|0.7615|307.93|258.8688|326.5313|278.955|341.8618|car
104197837-275754986|h1_003|2|0.7144|962.92|569.6541|327.726|619.4418|347.0665|car
104197837-275754986|h1_003|3|0.6986|358.55|82.2311|329.6082|95.2249|357.2019|person
104197837-275754986|h1_003|4|0.5772|447.14|347.9308|336.2842|370.2227|356.3426|car
104197837-275754986|h1_003|5|0.5666|324.34|64.3742|330.3659|83.8196|347.0455|car
104197837-275754986|h1_003|6|0.2882|104.97|186.1862|327.6216|193.4823|342.0092|person
104197837-275754986|h1_003|7|0.2865|2722.71|527.4023|259.9541|574.8339|317.3571|person
104197837-275754986|h1_003|8|0.2601|113.1|470.499|300.8377|478.8563|314.3704|traffic_light
104197837-275754986|h1_017|0|0.4413|380.44|601.045|325.7931|637.4725|336.2369|car
104197837-275754986|h1_017|1|0.3047|181.38|525.2657|321.27|542.5262|331.7783|car
104197837-275754986|h1_017|2|0.2655|454.1|214.5362|298.0545|235.1246|320.1105|clock
104197837-275754986|h0_012|0|0.7576|1072.93|289.2949|326.512|337.9246|348.5753|car
104197837-275754986|h0_012|1|0.7408|609.58|421.7971|329.5202|434.8964|376.0555|person
104197837-275754986|h0_006|0|0.7712|7705.38|36.7924|390.1103|135.1483|468.4522|potted_plant
104197837-275754986|h0_006|1|0.7634|6928.18|351.8624|390.054|440.657|468.0788|potted_plant
104197837-275754986|h0_006|2|0.7207|6709.16|202.9248|390.5196|289.2404|468.2477|potted_plant
104197837-275754986|h0_006|3|0.373|2217.88|570.7273|0.0829|627.718|38.9994|traffic_light
104197837-275754986|h0_006|4|0.2639|590.35|48.5299|336.3248|71.2018|362.3638|bicycle
104197837-275754986|h0_010|0|0.6687|8412.26|439.6768|395.9956|547.1936|474.2369|potted_plant
104197837-275754986|h0_010|1|0.5687|766.92|153.7702|329.6777|170.3523|375.9278|person
104197837-275754986|h0_004|0|0.8713|1620.69|294.8857|334.289|339.1308|370.9188|car
104197837-275754986|h0_004|1|0.7669|487.96|181.7923|325.2372|195.5732|360.6455|person
104197837-275754986|h0_004|2|0.7193|427.92|200.9261|323.6961|213.5125|357.6952|person
104197837-275754986|h0_004|3|0.7079|464.42|167.8105|324.1562|180.3662|361.1452|person
104197837-275754986|h0_004|4|0.5905|3680.85|153.8613|360.2266|211.0927|424.5417|potted_plant
104197837-275754986|h0_004|5|0.5681|297.68|217.295|325.1865|229.0063|350.6046|person
104197837-275754986|h0_004|6|0.4293|190.19|479.3144|287.6774|488.8389|307.6458|traffic_light
104197837-275754986|h0_004|7|0.3956|1364.98|204.6207|351.0342|237.5379|392.5013|potted_plant
104197837-275754986|h0_004|8|0.3543|126.32|306.0809|318.1468|318.0704|328.6826|car
104197837-275754986|h0_004|9|0.3403|85.41|304.3804|327.3568|316.9961|334.1271|car
104197837-275754986|h0_004|10|0.3297|12134.66|56.24|381.5371|166.309|491.7831|potted_plant
104197837-275754986|h0_004|11|0.2904|131.68|305.6886|320.4948|317.7961|331.3704|car
104197837-275754986|h0_004|12|0.2664|135.11|304.9661|323.003|317.6714|333.6368|car
104197837-275754986|h0_038|0|0.9571|46028.76|382.9399|399.004|639.2929|578.5562|car
104197837-275754986|h0_038|1|0.9388|44275.76|0.4863|383.1831|228.2624|577.5659|car
104197837-275754986|h0_038|2|0.3646|794.83|160.3009|329.591|176.4727|378.7401|person
104197837-275754986|h1_001|0|0.8725|1502.6|298.4302|342.2044|340.2482|378.1364|car
104197837-275754986|h1_001|1|0.8347|1076.24|452.4003|339.867|472.4354|393.5849|person
104197837-275754986|h1_001|2|0.8229|1010.07|475.6476|339.6377|495.0949|391.5768|person
104197837-275754986|h1_001|3|0.769|1743.94|505.6606|341.832|531.9083|408.2737|person
104197837-275754986|h1_001|4|0.7652|166.77|270.0982|325.9891|285.4984|336.8179|car
104197837-275754986|h1_001|5|0.6094|2589.05|393.3905|362.8909|439.4698|419.0777|potted_plant
104197837-275754986|h1_001|6|0.5811|1219.44|491.52|334.4811|513.5645|389.7981|person
104197837-275754986|h1_001|7|0.553|1199.99|378.5379|351.5987|406.1263|395.0948|potted_plant
104197837-275754986|h1_001|8|0.5289|551.21|384.9832|327.7702|420.2393|343.4046|car
104197837-275754986|h1_001|9|0.4612|392.59|434.3135|338.1365|445.5381|373.1125|person
104197837-275754986|h1_001|10|0.4205|34650.07|188.2022|527.9733|498.3705|639.6871|car
104197837-275754986|h1_001|11|0.3958|177.53|306.9297|334.4184|327.9805|342.8519|car
104197837-275754986|h1_001|12|0.3768|485.5|369.3866|346.3799|383.4973|380.7867|potted_plant
104197837-275754986|h1_029|0|0.9314|9498.01|518.6072|363.4841|639.6731|441.9374|car
104197837-275754986|h1_029|1|0.8486|2907.94|383.2953|326.7012|446.675|372.5826|car
104197837-275754986|h1_029|2|0.7795|2845.04|487.9116|332.5753|562.0248|370.963|car
104197837-275754986|h1_029|3|0.7188|959.82|112.2094|330.2979|159.8006|350.4659|car
104197837-275754986|h1_029|4|0.6884|164.31|229.2474|319.4805|245.0686|329.8661|car
104197837-275754986|h1_029|5|0.6476|378.52|45.1478|329.574|69.2511|345.2781|car
104197837-275754986|h1_029|6|0.631|770.98|78.9385|332.6488|122.0111|350.5483|car
104197837-275754986|h1_029|7|0.5647|345.72|191.252|323.6966|215.6089|337.8907|car
104197837-275754986|h1_029|8|0.4966|510.94|14.8766|331.1873|45.2726|347.9968|car
104197837-275754986|h1_029|9|0.4757|2870.51|593.9198|126.0092|639.4117|189.1084|tv
104197837-275754986|h1_029|10|0.4339|797.82|468.3133|327.0492|506.6262|347.873|car
104197837-275754986|h1_029|11|0.4312|67.17|289.8959|320.6964|300.7495|326.8855|car
104197837-275754986|h1_029|12|0.362|216.26|631.0284|337.3535|639.7632|362.1121|car
104197837-275754986|h1_029|13|0.3581|146.3|151.1216|320.6625|166.5557|330.1413|car
104197837-275754986|h1_029|14|0.3496|249.68|73.9685|327.5875|94.0391|340.0273|car
104197837-275754986|h1_029|15|0.3319|414.63|0.0279|333.7335|21.9767|352.6241|car
104197837-275754986|h1_029|16|0.3197|1397.1|559.5155|325.1941|627.9088|345.6216|car
104197837-275754986|h1_029|17|0.2979|91.1|252.3448|319.0812|263.3235|327.3794|car
104197837-275754986|h1_029|18|0.291|115.53|387.6749|321.2229|404.908|327.9268|car
104361808-105012771|h1_003|0|0.7048|364.95|357.3736|327.3381|379.1385|344.1058|car
104361808-105012771|h1_001|0|0.7218|388.36|351.6452|324.3326|372.501|342.9537|car
104361808-105012771|h1_001|1|0.431|322.77|54.1716|385.4487|77.4501|399.3143|car
104361808-105012771|h1_001|2|0.3936|464.88|54.3819|383.9456|84.9116|399.1729|car
104361808-105012771|h0_004|0|0.9085|7655.48|34.1097|325.4344|159.8515|386.317|car
104361808-105012771|h0_004|1|0.8234|2687.92|137.4556|310.6794|203.9655|351.0932|car
104361808-105012771|h0_004|2|0.757|1455.22|0.0637|369.9557|23.2233|432.7902|car
104361808-105012771|h0_004|3|0.7425|779.23|336.7921|333.9523|363.2574|363.3956|car
104361808-105012771|h0_004|4|0.6645|770.57|190.9148|303.9089|226.1189|325.7975|car
104361808-105012771|h0_004|5|0.4211|280.16|247.076|295.2548|268.6487|308.2417|car
104361808-105012771|h0_004|6|0.4019|179.99|235.3906|302.7044|251.3242|314.001|car
104361808-105012771|h0_004|7|0.3018|182.57|264.7063|293.4492|280.8979|304.725|car
104361808-105012771|h0_000|0|0.8374|1908.73|189.2146|361.7125|244.6455|396.1468|car
104361808-105012771|h0_000|1|0.7636|3498.28|68.5072|348.7976|152.6832|390.3568|truck
104361808-105012771|h0_000|2|0.7159|1252.76|222.2115|338.0969|262.6067|369.1096|car
104361808-105012771|h0_000|3|0.6784|4423.35|99.3853|397.9803|195.0154|444.2351|car
104361808-105012771|h0_000|4|0.6588|1304.38|140.1891|336.7408|189.3805|363.2572|car
104361808-105012771|h0_000|5|0.6389|818.95|341.1479|331.8664|367.1998|363.3017|car
104361808-105012771|h0_000|6|0.5351|587.51|251.3171|325.975|277.21|348.6652|car
104361808-105012771|h0_000|7|0.4519|747.32|562.5012|297.2987|617.8838|310.7925|car
104361808-105012771|h0_000|8|0.3149|177.38|195.9131|338.1892|214.5463|347.709|car
104361808-105012771|h0_000|9|0.304|183.57|281.3463|311.0556|295.1963|324.3101|car
104361808-105012771|h0_000|10|0.2895|166.62|259.4827|321.7614|275.0206|332.4849|car
104361808-105012771|h1_005|0|0.7399|414.42|343.6525|321.6728|365.9814|340.2325|car
104361808-105012771|h1_005|1|0.511|192.12|56.5555|404.7523|65.2111|426.9485|person
104361808-105012771|h1_005|2|0.3006|403.28|86.4649|361.068|119.0714|373.4359|car
104361808-105012771|h0_002|0|0.7328|1109.38|171.2231|342.7833|214.0981|368.6581|car
104361808-105012771|h0_002|1|0.671|589.09|251.758|349.7302|280.9276|369.9256|car
104361808-105012771|h0_002|2|0.577|598.05|559.2395|301.3566|599.5862|316.1794|car
104361808-105012771|h0_002|3|0.5468|346.4|202.772|335.2346|223.165|352.2209|car
104361808-105012771|h0_002|4|0.5368|255.8|277.8084|323.7591|293.7158|339.84|car
104361808-105012771|h0_002|5|0.4254|504.32|262.367|336.4997|287.5635|356.5151|car
104361808-105012771|h0_002|6|0.412|309.7|263.8873|336.1373|286.0045|350.1401|car
104361808-105012771|h0_002|7|0.3869|478.65|202.981|334.7249|231.1561|351.7133|car
104361808-105012771|h0_002|8|0.3814|202.85|216.9205|334.9903|231.4141|348.9861|car
104361808-105012771|h0_002|9|0.3606|756.88|344.0795|331.9274|368.9718|362.3334|car
104361808-105012771|h0_002|10|0.308|182.45|619.2885|303.8343|639.4354|312.8903|car
104361808-105012771|h0_002|11|0.2808|124.19|231.2475|335.666|246.799|343.6519|car
104361808-105012771|h0_002|12|0.2802|496.82|593.1492|395.5262|625.3357|410.9619|car
104361808-105012771|h0_002|13|0.2666|309.85|549.3923|304.5587|575.1624|316.5824|car
